0 1.000000019275134
1 -0.037117472814861684
2 0.021334482048025082
3 0.003964130948368234
4 0.03958751381549814
5 -0.01156229058242574
6 0.08210257020725224
7 -0.06005530511617142
8 0.029634935717421724
9 0.051674126172050215
10 -0.06621368499369122
11 0.028464816319511126
12 0.05491957416826928
13 0.05904786140370639
14 0.014356456433029416
15 0.0774279444626162
16 -0.02966641986843299
17 0.027741138286807614
18 0.07029262410166363
19 0.008226008863178091
20 -0.016222455492500443
21 0.08255139764191376
22 0.01956932347361519
23 -0.052965934043017665
24 0.0735956635036753
25 -0.06302631221478805
26 0.06370477095711977
27 0.03126792104422361
28 -0.002349755586787111
29 -0.03347500653119844
30 0.060892112525888005
31 -0.03877606337670894
32 -0.028586950604996737
33 0.08702986014568956
34 -0.016798167967678097
35 0.08441969462816255
36 0.013208497637374835
37 0.027021696786793722
38 -0.024520927870166173
39 0.10015032871807408
40 -0.08621873845265288
41 -0.007753832853632047
42 0.018375106622997975
43 -0.025235629450423715
44 -0.002943951684008738
45 -0.033097132312459275
46 -0.037392451303199896
47 -0.036753571814518764
48 -0.033911694100680546
49 -0.08822502089223187
50 0.032871100373122075
51 0.037344168551887075
52 0.033772366740209545
53 -0.11807093746343476
54 0.02186539856602951
55 -0.0021316371092649357
56 0.034178681504623644
57 0.03159257424542577
58 -0.06088092107768659
59 -0.030998936268692375
60 -0.027819614421497
61 -0.044015353643668015
62 -0.008858214581398655
63 -0.008033270961132603
64 -0.052534750190284786
65 0.0004775764742482673
66 0.01987700296772851
67 -0.009109269535697219
68 -0.03788270222205192
69 0.043723544705602704
70 -0.05148124724150216
71 -0.07580884070708775
72 0.06660311728311602
73 -0.025109501104452647
74 0.013475207890581898
75 -0.029979174175033613
76 -0.03347895756363869
77 0.0077194527107020535
78 0.12811509023867246
79 -0.07145242052406577
80 -0.008081104429361741
81 -0.02652622383708755
82 -0.001792176642275157
83 -0.058029253521176466
84 0.09152009619129264
85 -0.10622591913501121
86 0.028948578206093416
87 0.005916285549143427
88 -0.0385298968202113
89 -0.001941529634807791
90 0.04943920442884838
91 0.041606631472876125
92 0.06476060550557364
93 0.09587818677364676
94 0.04549787310169679
95 0.008948436832793479
96 -0.023947143431619872
97 0.06846910575852515
98 -0.02394947124129722
99 0.010862259742091684
100 0.09761168949748619
101 -0.004330471508437767
102 -0.008564685546614305
103 -0.08066264876373569
104 0.050999222323298454
105 0.0460697747815478
106 0.06629751408227573
107 0.05650583654301528
108 0.06087272230195262
109 0.029814736586084346
110 -0.040807163977360984
111 0.09185435652939809
112 -0.021537991721978348
113 -0.05705729934726895
114 -0.09976919681026504
115 0.05867525233432304
116 0.04031704680665451
117 0.10977523520012342
118 -0.07509792956007443
119 0.10789078408738643
120 0.04341732478344146
121 -0.012721476494334638
122 -0.06678057437220329
123 0.028470936470115796
124 0.056906136067269686
125 -0.004037124815544016
126 0.06739905537882199
127 0.03360868860161989
128 0.07240601206096271
129 0.05998399600179659
130 0.01135638935989897
131 0.0670763143471309
132 0.006413495492028153
133 -0.017291622140499598
134 -0.01796859823195125
135 0.04106126940865634
136 0.02386622904584958
137 0.07246302196290344
138 0.016408279859682635
139 -0.06440262960630559
140 -0.02234678934175582
141 0.17491694007379313
142 -0.1368497838660822
143 0.11000102338108138
144 0.044322061417787745
145 -0.006236056564375758
146 -0.021896458366377786
147 -0.10354143498396431
148 0.1363721066066679
149 -0.05206093014791035
150 0.06391259620660077
151 0.0034548449900466947
152 0.08484993612735856
153 -0.08096694534954925
154 0.04579578070564473
155 0.12307335906054663
156 0.13127396668617924
157 -0.09279182070696895
158 0.028493472959759625
159 0.049071353106271656
160 -0.19880809857532744
161 -0.003980140015482902
162 0.05678054520812554
163 0.01390920108870456
164 -0.011176144955931482
165 -0.10090822705792056
166 -0.014641400360103165
167 0.05858311191310778
168 -0.04726011240431531
169 0.016605100594460964
170 0.1214972223726011
171 -0.04317558581630389
172 -0.013300767874923246
173 0.06326988159811922
174 0.06161853726263399
175 0.003021115956541437
176 -0.002937679886817932
177 0.08660412719473243
178 -0.03891679320646369
179 -0.010087722404436632
180 -0.15779013177823453
181 -0.12001055032014847
182 0.1405894888908063
183 0.16351213658021557
184 -0.15867790974238338
185 0.13486089929938316
186 -0.19454821000496547
187 0.004322395526937076
188 0.21819710444945556
189 0.1800933020810286
190 0.018263881856744938
191 -0.0645802516490221
192 -0.091150620745288
193 -0.08120090141892433
194 0.028517135551997592
195 0.026130358998974163
196 -0.08283945918083191
197 -0.07024925202131271
198 -0.2668543954690297
199 -0.12168484926223755
200 0.3693363070487976
